20
21
22
23
51
52
53
54
82
83
84
85
113
114
115
116
144
145
146
147
175
176
177
178
206
207
208
209
237
238
239
240
268
269
270
271
299
300
301
302
330
331
332
333
361
362
363
364
392
393
394
395
423
424
425
426
454
455
456
457
485
486
487
488
516
517
518
519
547
548
549
550
578
579
580
581
609
610
611
612
640
641
642
643
671
672
673
674
702
703
704
705
733
734
735
736
764
765
766
767
795
796
797
798
826
827
828
829
857
858
859
860
888
889
890
891
919
920
921
922
950
951
952
953
981
982
983
984